from:
	http://precisionparts.wmberg.com/gears/spurGears/en
Test data and plugin values. Using antibacklash gears
There is some variation in outer diameter but all other values concur.

Inches:
CP	DP	teeth	pitch	 OD	 OD	diff
			 dia	calc	table
0.1		30	0.9549	1.0186	1.0180	0.0006
0.1		25	0.7958	0.8594	0.8590	0.0004
	96	54	0.5625	0.5833	
	96	72	0.7500	0.7708	0.8540	
	96	108	1.1250	1.1458	1.1460	0.0002
	96	200	2.0833	2.1042	2.1040	0.0002
	72	70	0.9722	1.0000	1.2780	0.2780
	72	60	0.8333	0.8611	
	72	63	0.8750	0.9028	
	64	90	1.4062	1.4375	1.4380	0.0005
	64	 8	0.125	0.1563	0.1560	0.0003
	24	30	1.2500	1.3333	1.3330	0.0003
	24	18	0.75	0.8333	0.8330	0.0003
	24	 8	0.3333	0.4167	0.4160	0.0003
	48	36	0.75	0.7917	0.7920	0.0003
	32	108	3.375	3.4375	3.4370

Metric:
module	teeth	dia	OD
		mm	mm
1	24	24	26.0000
0.8	24	19.2	20.8000
0.6	28	16.8	18.0000
1	55	55	57.0000
0.8	55	44	45.6000
0.25	285	71.25	71.7500
0.3	56	16.8	17.4000